程序功能说明:
在一个号码列表中随机抽取中奖号码（一个号码只能中奖一次），并显示在已中奖列表中。

如何使用？
1、打开index.html这个文件就可以开始抽奖。
2、刷新浏览器或关闭浏览器中奖名单数据就删除了，请做好记录！
3、如果需要编辑号码段，用鼠标右键点击number.js文件，选择打开方式记事本，按如下示例修改号码段，如需要某一段号码，请复制所需号码段，删除最后一个号码的逗号，粘贴至number.js文件
【特别注意】逗号必须是英文小写逗号，最后一个号码不能有逗号！不要把号段的方括号删掉了。

8880001,
8880002,
8880003,
8880004,
8880005,
8880006,
8880007,
8880008,
8880009,
8880010,
8880011,
8880012,
8880013,
8880014,
8880015,
8880016,
8880017,
8880018,
8880019,
8880020,
8880021,
8880022,
8880023,
8880024,
8880025,
8880026,
8880027,
8880028,
8880029,
8880030,
8880031,
8880032,
8880033,
8880034,
8880035,
8880036,
8880037,
8880038,
8880039,
8880040,
8880041,
8880042,
8880043,
8880044,
8880045,
8880046,
8880047,
8880048,
8880049,
8880050,
8880051,
8880052,
8880053,
8880054,
8880055,
8880056,
8880057,
8880058,
8880059,
8880060,
8880061,
8880062,
8880063,
8880064,
8880065,
8880066,
8880067,
8880068,
8880069,
8880070,
8880071,
8880072,
8880073,
8880074,
8880075,
8880076,
8880077,
8880078,
8880079,
8880080,
8880081,
8880082,
8880083,
8880084,
8880085,
8880086,
8880087,
8880088,
8880089,
8880090,
8880091,
8880092,
8880093,
8880094,
8880095,
8880096,
8880097,
8880098,
8880099,
8880100,
8880101,
8880102,
8880103,
8880104,
8880105,
8880106,
8880107,
8880108,
8880109,
8880110,
8880111,
8880112,
8880113,
8880114,
8880115,
8880116,
8880117,
8880118,
8880119,
8880120,
8880121,
8880122,
8880123,
8880124,
8880125,
8880126,
8880127,
8880128,
8880129,
8880130,
8880131,
8880132,
8880133,
8880134,
8880135,
8880136,
8880137,
8880138,
8880139,
8880140,
8880141,
8880142,
8880143,
8880144,
8880145,
8880146,
8880147,
8880148,
8880149,
8880150,
8880151,
8880152,
8880153,
8880154,
8880155,
8880156,
8880157,
8880158,
8880159,
8880160,
8880161,
8880162,
8880163,
8880164,
8880165,
8880166,
8880167,
8880168,
8880169,
8880170,
8880171,
8880172,
8880173,
8880174,
8880175,
8880176,
8880177,
8880178,
8880179,
8880180,
8880181,
8880182,
8880183,
8880184,
8880185,
8880186,
8880187,
8880188,
8880189,
8880190